95
72 16 24 40 
104 16 22 40
136 16 24 40
168 13 24 43
200 13 24 43
232 24 24 32
265 33 6 6
280 29 24 27
312 29 24 27
344 29 24 27
72 66 23 46
105 66 22 46
136 66 23 46
168 66 24 46
200 72 24 40
232 73 15 7 //
236 96 9 10
256 74 13 5
260 96 12 13
280 66 23 46
312 66 23 46
344 66 23 46
36 131 24 37 //22-idle
68 131 24 37
100 131 24 37
132 131 24 37
164 131 24 37
196 131 24 37
228 124 24 44
160 124 24 44
292 131 28 37 //idle
332 131 28 37
372 131 28 37
36 195 24 21
68 188 24 28
100 203 8 13
116 204 8 12
133 210 13 5
157 192 5 8
172 192 8 8
188 193 8 5
204 192 8 8
221 192 5 8
236 192 7 7
252 192 8 8
268 192 8 8
285 194 7 8
300 195 8 13
316 179 24 37
348 179 24 37
380 179 24 37
30 256 20 40
60 256 24 40
92 256 24 40
124 255 16 41
148 256 24 40
180 256 24 40
212 256 24 40
252 248 8 24
248 280 19 16
268 256 24 16
280 280 19 16
301 265 6 6
310 290 4 4
316 256 24 16
328 280 19 16
348 256 24 16
360 280 19 16
380 256 24 16
392 280 19 16
20 344 16 16
44 344 16 16
68 344 16 16
92 344 16 16
116 344 16 16
140 355 16 4
164 347 16 12
188 355 16 4
212 355 16 4
237 344 14 15
261 345 14 14
285 345 15 14
309 345 14 14
333 345 14 15
357 344 14 15
381 344 14 15
405 344 14 15
232 368 16 16
256 368 32 16
296 368 32 16
337 368 6 10
352 372 8 8
368 368 16 16
392 368 16 16
416 368 16 16
